-11       -5.23444
-10.5     -3.52067
-10       -2.41768
-9.5      -2.14327
-9        -2.66214
-8.5      -3.69663
-8        -4.81158
-7.5      -5.54724
-7        -5.55973
-6.5      -4.7261
-6        -3.18186
-5.5      -1.27964
-5        0.518609
-4.5      1.78267
-4        2.24554
-3.5      1.88495
-3        0.93019
-2.5      -0.207917
-2        -1.06256
-1.5      -1.2535
-1        -0.603278
-0.5      0.808614
0         2.67
0.5       4.53139
1         5.94328
1.5       6.5935
2         6.40256
2.5       5.54792
3         4.40981
3.5       3.45505
4         3.09446
4.5       3.55733
5         4.82139
5.5       6.61964
6         8.52186
6.5       10.0661
7         10.8997
7.5       10.8872
8         10.1516
8.5       9.03663
9         8.00214
9.5       7.48327
10        7.75768
10.5      8.86067
11        10.5744
11.5      12.4946
12        14.1537
